
// bricks information

s cloudtile.png 9


//This Should be Row 7 -----------
                                                      
   012                 012
   345                 345
   678                 678                        012
                                                  345
         012               012                    678
         345               345  
         678               678
                                                      
                012
                345
                678                 012
                                    345
       012                          678
       345                                            
       678                   012                      
                             345                     
                             678                               
                   012                             012
     012           345                             345
     345           678                             678
     678 
     
       
//This should be Row 32 -----------
